%YAML:1.0
---
K: !!opencv-matrix
   rows: 3
   cols: 3
   dt: d
   data: [ 7.3117944373834177e+02, 0., 3.3813092212038231e+02, 0.,
       7.3106684161335909e+02, 2.5861948701710281e+02, 0., 0., 1. ]
D: !!opencv-matrix
   rows: 1
   cols: 5
   dt: d
   data: [ 9.3929311671222371e-02, -4.6254684002232677e-01,
       4.4251558789992259e-03, -3.6678693839792937e-04,
       -1.8257750586058027e-01 ]
